# Blender v2.82 (sub 7) OBJ File: 'throwing_knife_model.blend'
# www.blender.org
mtllib throwing_knife_model.mtl
o path125913
v 0.003112 -0.010911 -0.000000
v 0.003299 -0.010724 -0.000000
v 0.003486 -0.010911 -0.000000
v 0.003299 -0.011098 -0.000000
v 0.003112 -0.010911 -0.002985
v 0.003299 -0.010724 -0.002985
v 0.003486 -0.010911 -0.002985
v 0.003299 -0.011098 -0.002985
vt 0.000000 0.000000
vt 0.333333 0.000000
vt 0.666667 0.000000
vt 1.000000 0.000000
vt 0.000000 0.000000
vt 0.666667 0.000000
vt 0.333333 0.000000
vt 1.000000 0.000000
vn 0.0000 0.0000 -1.0000
vn 0.0000 0.0000 1.0000
vn 0.7070 0.7072 0.0000
vn -0.7070 0.7072 0.0000
vn -0.7070 -0.7072 0.0000
vn 0.7070 -0.7072 0.0000
usemtl SVGMat.061
s off
f 1/1/1 2/2/1 3/3/1
f 4/4/1 1/1/1 3/3/1
f 5/5/2 7/6/2 6/7/2
f 8/8/2 7/6/2 5/5/2
f 1/1/3 4/4/3 8/8/3 5/5/3
f 4/4/4 3/3/4 7/6/4 8/8/4
f 3/3/5 2/2/5 6/7/5 7/6/5
f 2/2/6 1/1/6 5/5/6 6/7/6
o path125911
v 0.002925 -0.011098 -0.000000
v 0.003112 -0.010911 -0.000000
v 0.003299 -0.011098 -0.000000
v 0.003112 -0.011285 -0.000000
v 0.002925 -0.011098 -0.002985
v 0.003112 -0.010911 -0.002985
v 0.003299 -0.011098 -0.002985
v 0.003112 -0.011285 -0.002985
vt 0.000000 0.000000
vt 0.333333 0.000000
vt 0.666667 0.000000
vt 1.000000 0.000000
vt 0.000000 0.000000
vt 0.666667 0.000000
vt 0.333333 0.000000
vt 1.000000 0.000000
vn -0.0000 0.0000 -1.0000
vn 0.0000 0.0000 1.0000
vn -0.7070 0.7072 0.0000
vn -0.7070 -0.7072 0.0000
vn 0.7070 -0.7072 0.0000
vn 0.7070 0.7072 0.0000
usemtl SVGMat.062
s off
f 9/9/7 10/10/7 11/11/7
f 9/9/7 11/11/7 12/12/7
f 13/13/8 15/14/8 14/15/8
f 13/13/8 16/16/8 15/14/8
f 12/12/9 11/11/9 15/14/9 16/16/9
f 11/11/10 10/10/10 14/15/10 15/14/10
f 10/10/11 9/9/11 13/13/11 14/15/11
f 9/9/12 12/12/12 16/16/12 13/13/12
o path125909
v 0.002738 -0.011285 -0.000000
v 0.002925 -0.011098 -0.000000
v 0.003112 -0.011285 -0.000000
v 0.002925 -0.011472 -0.000000
v 0.002738 -0.011285 -0.002985
v 0.002925 -0.011098 -0.002985
v 0.003112 -0.011285 -0.002985
v 0.002925 -0.011472 -0.002985
vt 0.000000 0.000000
vt 0.333333 0.000000
vt 0.666667 0.000000
vt 1.000000 0.000000
vt 0.000000 0.000000
vt 0.666667 0.000000
vt 0.333333 0.000000
vt 1.000000 0.000000
vn -0.0000 0.0000 -1.0000
vn 0.0000 0.0000 1.0000
vn 0.7070 -0.7072 0.0000
vn 0.7070 0.7072 0.0000
vn -0.7070 0.7072 0.0000
vn -0.7070 -0.7072 0.0000
usemtl SVGMat.063
s off
f 17/17/13 18/18/13 19/19/13
f 17/17/13 19/19/13 20/20/13
f 21/21/14 23/22/14 22/23/14
f 21/21/14 24/24/14 23/22/14
f 18/18/15 17/17/15 21/21/15 22/23/15
f 17/17/16 20/20/16 24/24/16 21/21/16
f 20/20/17 19/19/17 23/22/17 24/24/17
f 19/19/18 18/18/18 22/23/18 23/22/18
o path125907
v 0.002551 -0.011472 -0.000000
v 0.002738 -0.011285 -0.000000
v 0.002925 -0.011472 -0.000000
v 0.002738 -0.011660 -0.000000
v 0.002551 -0.011472 -0.002985
v 0.002738 -0.011285 -0.002985
v 0.002925 -0.011472 -0.002985
v 0.002738 -0.011660 -0.002985
vt 0.000000 0.000000
vt 0.333333 0.000000
vt 0.666667 0.000000
vt 1.000000 0.000000
vt 0.000000 0.000000
vt 0.666667 0.000000
vt 0.333333 0.000000
vt 1.000000 0.000000
vn 0.0000 0.0000 -1.0000
vn 0.0000 0.0000 1.0000
vn 0.7070 0.7072 0.0000
vn -0.7070 0.7072 0.0000
vn -0.7070 -0.7072 0.0000
vn 0.7070 -0.7072 0.0000
usemtl SVGMat.064
s off
f 25/25/19 26/26/19 27/27/19
f 25/25/19 27/27/19 28/28/19
f 29/29/20 31/30/20 30/31/20
f 29/29/20 32/32/20 31/30/20
f 25/25/21 28/28/21 32/32/21 29/29/21
f 28/28/22 27/27/22 31/30/22 32/32/22
f 27/27/23 26/26/23 30/31/23 31/30/23
f 26/26/24 25/25/24 29/29/24 30/31/24
o path125905
v 0.002364 -0.011660 -0.000000
v 0.002551 -0.011472 -0.000000
v 0.002738 -0.011660 -0.000000
v 0.002551 -0.011847 -0.000000
v 0.002364 -0.011660 -0.002985
v 0.002551 -0.011472 -0.002985
v 0.002738 -0.011660 -0.002985
v 0.002551 -0.011847 -0.002985
vt 0.000000 0.000000
vt 0.333333 0.000000
vt 0.666667 0.000000
vt 1.000000 0.000000
vt 0.000000 0.000000
vt 0.666667 0.000000
vt 0.333333 0.000000
vt 1.000000 0.000000
vn 0.0000 0.0000 -1.0000
vn 0.0000 0.0000 1.0000
vn 0.7070 0.7072 0.0000
vn -0.7070 0.7072 0.0000
vn -0.7070 -0.7072 0.0000
vn 0.7070 -0.7072 0.0000
usemtl SVGMat.065
s off
f 33/33/25 34/34/25 35/35/25
f 33/33/25 35/35/25 36/36/25
f 37/37/26 39/38/26 38/39/26
f 37/37/26 40/40/26 39/38/26
f 33/33/27 36/36/27 40/40/27 37/37/27
f 36/36/28 35/35/28 39/38/28 40/40/28
f 35/35/29 34/34/29 38/39/29 39/38/29
f 34/34/30 33/33/30 37/37/30 38/39/30
o path125903
v 0.002177 -0.011847 -0.000000
v 0.002364 -0.011660 -0.000000
v 0.002551 -0.011847 -0.000000
v 0.002364 -0.012034 -0.000000
v 0.002177 -0.011847 -0.002985
v 0.002364 -0.011660 -0.002985
v 0.002551 -0.011847 -0.002985
v 0.002364 -0.012034 -0.002985
vt 0.000000 0.000000
vt 0.333333 0.000000
vt 0.666667 0.000000
vt 1.000000 0.000000
vt 0.000000 0.000000
vt 0.666667 0.000000
vt 0.333333 0.000000
vt 1.000000 0.000000
vn -0.0000 0.0000 -1.0000
vn 0.0000 0.0000 1.0000
vn 0.7070 0.7072 0.0000
vn -0.7070 0.7072 0.0000
vn -0.7070 -0.7072 0.0000
vn 0.7070 -0.7072 0.0000
usemtl SVGMat.066
s off
f 41/41/31 42/42/31 43/43/31
f 41/41/31 43/43/31 44/44/31
f 45/45/32 47/46/32 46/47/32
f 45/45/32 48/48/32 47/46/32
f 41/41/33 44/44/33 48/48/33 45/45/33
f 44/44/34 43/43/34 47/46/34 48/48/34
f 43/43/35 42/42/35 46/47/35 47/46/35
f 42/42/36 41/41/36 45/45/36 46/47/36
o path125901
v 0.001990 -0.012034 -0.000000
v 0.002177 -0.011847 -0.000000
v 0.002364 -0.012034 -0.000000
v 0.002177 -0.012221 -0.000000
v 0.001990 -0.012034 -0.002985
v 0.002177 -0.011847 -0.002985
v 0.002364 -0.012034 -0.002985
v 0.002177 -0.012221 -0.002985
vt 0.000000 0.000000
vt 0.333333 0.000000
vt 0.666667 0.000000
vt 1.000000 0.000000
vt 0.000000 0.000000
vt 0.666667 0.000000
vt 0.333333 0.000000
vt 1.000000 0.000000
vn 0.0000 0.0000 -1.0000
vn 0.0000 0.0000 1.0000
vn -0.7070 0.7072 0.0000
vn -0.7070 -0.7072 0.0000
vn 0.7070 -0.7072 0.0000
vn 0.7070 0.7072 0.0000
usemtl SVGMat.067
s off
f 49/49/37 50/50/37 51/51/37
f 49/49/37 51/51/37 52/52/37
f 53/53/38 55/54/38 54/55/38
f 53/53/38 56/56/38 55/54/38
f 52/52/39 51/51/39 55/54/39 56/56/39
f 51/51/40 50/50/40 54/55/40 55/54/40
f 50/50/41 49/49/41 53/53/41 54/55/41
f 49/49/42 52/52/42 56/56/42 53/53/42
o path125899
v 0.001802 -0.012221 -0.000000
v 0.001990 -0.012034 -0.000000
v 0.002177 -0.012221 -0.000000
v 0.001990 -0.012408 -0.000000
v 0.001802 -0.012221 -0.002985
v 0.001990 -0.012034 -0.002985
v 0.002177 -0.012221 -0.002985
v 0.001990 -0.012408 -0.002985
vt 0.000000 0.000000
vt 0.333333 0.000000
vt 0.666667 0.000000
vt 1.000000 0.000000
vt 0.000000 0.000000
vt 0.666667 0.000000
vt 0.333333 0.000000
vt 1.000000 0.000000
vn -0.0000 0.0000 -1.0000
vn 0.0000 0.0000 1.0000
vn 0.7070 0.7072 0.0000
vn -0.7070 0.7072 0.0000
vn -0.7070 -0.7072 0.0000
vn 0.7070 -0.7072 0.0000
usemtl SVGMat.068
s off
f 57/57/43 58/58/43 59/59/43
f 57/57/43 59/59/43 60/60/43
f 61/61/44 63/62/44 62/63/44
f 61/61/44 64/64/44 63/62/44
f 57/57/45 60/60/45 64/64/45 61/61/45
f 60/60/46 59/59/46 63/62/46 64/64/46
f 59/59/47 58/58/47 62/63/47 63/62/47
f 58/58/48 57/57/48 61/61/48 62/63/48
o path125897
v 0.001615 -0.012408 -0.000000
v 0.001802 -0.012221 -0.000000
v 0.001990 -0.012408 -0.000000
v 0.001802 -0.012595 -0.000000
v 0.001615 -0.012408 -0.002985
v 0.001802 -0.012221 -0.002985
v 0.001990 -0.012408 -0.002985
v 0.001802 -0.012595 -0.002985
vt 0.000000 0.000000
vt 0.333333 0.000000
vt 0.666667 0.000000
vt 1.000000 0.000000
vt 0.000000 0.000000
vt 0.666667 0.000000
vt 0.333333 0.000000
vt 1.000000 0.000000
vn 0.0000 0.0000 -1.0000
vn 0.0000 0.0000 1.0000
vn 0.7070 0.7072 0.0000
vn -0.7070 0.7072 0.0000
vn -0.7070 -0.7072 0.0000
vn 0.7070 -0.7072 0.0000
usemtl SVGMat.069
s off
f 65/65/49 66/66/49 67/67/49
f 68/68/49 65/65/49 67/67/49
f 69/69/50 71/70/50 70/71/50
f 72/72/50 71/70/50 69/69/50
f 65/65/51 68/68/51 72/72/51 69/69/51
f 68/68/52 67/67/52 71/70/52 72/72/52
f 67/67/53 66/66/53 70/71/53 71/70/53
f 66/66/54 65/65/54 69/69/54 70/71/54
o path125895
v 0.001428 -0.012595 -0.000000
v 0.001615 -0.012408 -0.000000
v 0.001802 -0.012595 -0.000000
v 0.001615 -0.012782 -0.000000
v 0.001428 -0.012595 -0.002985
v 0.001615 -0.012408 -0.002985
v 0.001802 -0.012595 -0.002985
v 0.001615 -0.012782 -0.002985
vt 0.000000 0.000000
vt 0.333333 0.000000
vt 0.666667 0.000000
vt 1.000000 0.000000
vt 0.000000 0.000000
vt 0.666667 0.000000
vt 0.333333 0.000000
vt 1.000000 0.000000
vn 0.0000 0.0000 -1.0000
vn 0.0000 0.0000 1.0000
vn -0.7070 0.7072 0.0000
vn -0.7070 -0.7072 0.0000
vn 0.7070 -0.7072 0.0000
vn 0.7070 0.7072 0.0000
usemtl SVGMat.070
s off
f 73/73/55 74/74/55 75/75/55
f 73/73/55 75/75/55 76/76/55
f 77/77/56 79/78/56 78/79/56
f 77/77/56 80/80/56 79/78/56
f 76/76/57 75/75/57 79/78/57 80/80/57
f 75/75/58 74/74/58 78/79/58 79/78/58
f 74/74/59 73/73/59 77/77/59 78/79/59
f 73/73/60 76/76/60 80/80/60 77/77/60
o path125893
v 0.001241 -0.012782 -0.000000
v 0.001428 -0.012595 -0.000000
v 0.001615 -0.012782 -0.000000
v 0.001428 -0.012969 -0.000000
v 0.001241 -0.012782 -0.002985
v 0.001428 -0.012595 -0.002985
v 0.001615 -0.012782 -0.002985
v 0.001428 -0.012969 -0.002985
vt 0.000000 0.000000
vt 0.333333 0.000000
vt 0.666667 0.000000
vt 1.000000 0.000000
vt 0.000000 0.000000
vt 0.666667 0.000000
vt 0.333333 0.000000
vt 1.000000 0.000000
vn 0.0000 0.0000 -1.0000
vn 0.0000 0.0000 1.0000
vn -0.7070 0.7072 0.0000
vn -0.7070 -0.7072 0.0000
vn 0.7070 -0.7072 0.0000
vn 0.7070 0.7072 0.0000
usemtl SVGMat.071
s off
f 81/81/61 82/82/61 83/83/61
f 81/81/61 83/83/61 84/84/61
f 85/85/62 87/86/62 86/87/62
f 85/85/62 88/88/62 87/86/62
f 84/84/63 83/83/63 87/86/63 88/88/63
f 83/83/64 82/82/64 86/87/64 87/86/64
f 82/82/65 81/81/65 85/85/65 86/87/65
f 81/81/66 84/84/66 88/88/66 85/85/66
o path125891
v 0.001054 -0.012969 -0.000000
v 0.001241 -0.012782 -0.000000
v 0.001428 -0.012969 -0.000000
v 0.001241 -0.013156 -0.000000
v 0.001054 -0.012969 -0.002985
v 0.001241 -0.012782 -0.002985
v 0.001428 -0.012969 -0.002985
v 0.001241 -0.013156 -0.002985
vt 0.000000 0.000000
vt 0.333333 0.000000
vt 0.666667 0.000000
vt 1.000000 0.000000
vt 0.000000 0.000000
vt 0.666667 0.000000
vt 0.333333 0.000000
vt 1.000000 0.000000
vn 0.0000 0.0000 -1.0000
vn 0.0000 0.0000 1.0000
vn 0.7070 0.7072 0.0000
vn -0.7070 0.7072 0.0000
vn -0.7070 -0.7072 0.0000
vn 0.7070 -0.7072 0.0000
usemtl SVGMat.072
s off
f 89/89/67 90/90/67 91/91/67
f 89/89/67 91/91/67 92/92/67
f 93/93/68 95/94/68 94/95/68
f 93/93/68 96/96/68 95/94/68
f 89/89/69 92/92/69 96/96/69 93/93/69
f 92/92/70 91/91/70 95/94/70 96/96/70
f 91/91/71 90/90/71 94/95/71 95/94/71
f 90/90/72 89/89/72 93/93/72 94/95/72
o path125889
v 0.000867 -0.013156 -0.000000
v 0.001054 -0.012969 -0.000000
v 0.001241 -0.013156 -0.000000
v 0.001054 -0.013343 -0.000000
v 0.000867 -0.013156 -0.002985
v 0.001054 -0.012969 -0.002985
v 0.001241 -0.013156 -0.002985
v 0.001054 -0.013343 -0.002985
vt 0.000000 0.000000
vt 0.333333 0.000000
vt 0.666667 0.000000
vt 1.000000 0.000000
vt 0.000000 0.000000
vt 0.666667 0.000000
vt 0.333333 0.000000
vt 1.000000 0.000000
vn 0.0000 0.0000 -1.0000
vn 0.0000 0.0000 1.0000
vn 0.7070 0.7072 0.0000
vn -0.7070 0.7072 0.0000
vn -0.7070 -0.7072 0.0000
vn 0.7070 -0.7072 0.0000
usemtl SVGMat.073
s off
f 97/97/73 98/98/73 99/99/73
f 97/97/73 99/99/73 100/100/73
f 101/101/74 103/102/74 102/103/74
f 101/101/74 104/104/74 103/102/74
f 97/97/75 100/100/75 104/104/75 101/101/75
f 100/100/76 99/99/76 103/102/76 104/104/76
f 99/99/77 98/98/77 102/103/77 103/102/77
f 98/98/78 97/97/78 101/101/78 102/103/78
o path125887
v 0.000680 -0.013343 -0.000000
v 0.000867 -0.013156 -0.000000
v 0.001054 -0.013343 -0.000000
v 0.000867 -0.013530 -0.000000
v 0.000680 -0.013343 -0.002985
v 0.000867 -0.013156 -0.002985
v 0.001054 -0.013343 -0.002985
v 0.000867 -0.013530 -0.002985
vt 0.000000 0.000000
vt 0.333333 0.000000
vt 0.666667 0.000000
vt 1.000000 0.000000
vt 0.000000 0.000000
vt 0.666667 0.000000
vt 0.333333 0.000000
vt 1.000000 0.000000
vn 0.0000 0.0000 -1.0000
vn 0.0000 -0.0000 1.0000
vn 0.7070 0.7072 0.0000
vn -0.7070 0.7072 0.0000
vn -0.7070 -0.7072 0.0000
vn 0.7070 -0.7072 0.0000
usemtl SVGMat.074
s off
f 105/105/79 106/106/79 107/107/79
f 105/105/79 107/107/79 108/108/79
f 109/109/80 111/110/80 110/111/80
f 109/109/80 112/112/80 111/110/80
f 105/105/81 108/108/81 112/112/81 109/109/81
f 108/108/82 107/107/82 111/110/82 112/112/82
f 107/107/83 106/106/83 110/111/83 111/110/83
f 106/106/84 105/105/84 109/109/84 110/111/84
o path125885
v 0.000493 -0.013530 -0.000000
v 0.000680 -0.013343 -0.000000
v 0.000867 -0.013530 -0.000000
v 0.000680 -0.013717 -0.000000
v 0.000493 -0.013530 -0.002985
v 0.000680 -0.013343 -0.002985
v 0.000867 -0.013530 -0.002985
v 0.000680 -0.013717 -0.002985
vt 0.000000 0.000000
vt 0.333333 0.000000
vt 0.666667 0.000000
vt 1.000000 0.000000
vt 0.000000 0.000000
vt 0.666667 0.000000
vt 0.333333 0.000000
vt 1.000000 0.000000
vn 0.0000 0.0000 -1.0000
vn 0.0000 0.0000 1.0000
vn -0.7070 0.7072 0.0000
vn -0.7070 -0.7072 0.0000
vn 0.7070 -0.7072 0.0000
vn 0.7070 0.7072 0.0000
usemtl SVGMat.075
s off
f 113/113/85 114/114/85 115/115/85
f 113/113/85 115/115/85 116/116/85
f 117/117/86 119/118/86 118/119/86
f 117/117/86 120/120/86 119/118/86
f 116/116/87 115/115/87 119/118/87 120/120/87
f 115/115/88 114/114/88 118/119/88 119/118/88
f 114/114/89 113/113/89 117/117/89 118/119/89
f 113/113/90 116/116/90 120/120/90 117/117/90
o path125883
v 0.000306 -0.013717 -0.000000
v 0.000493 -0.013530 -0.000000
v 0.000680 -0.013717 -0.000000
v 0.000493 -0.013904 -0.000000
v 0.000306 -0.013717 -0.002985
v 0.000493 -0.013530 -0.002985
v 0.000680 -0.013717 -0.002985
v 0.000493 -0.013904 -0.002985
vt 0.000000 0.000000
vt 0.333333 0.000000
vt 0.666667 0.000000
vt 1.000000 0.000000
vt 0.000000 0.000000
vt 0.666667 0.000000
vt 0.333333 0.000000
vt 1.000000 0.000000
vn -0.0000 0.0000 -1.0000
vn 0.0000 0.0000 1.0000
vn 0.7070 0.7072 0.0000
vn -0.7070 0.7072 0.0000
vn -0.7070 -0.7072 0.0000
vn 0.7070 -0.7072 0.0000
usemtl SVGMat.076
s off
f 121/121/91 122/122/91 123/123/91
f 121/121/91 123/123/91 124/124/91
f 125/125/92 127/126/92 126/127/92
f 125/125/92 128/128/92 127/126/92
f 121/121/93 124/124/93 128/128/93 125/125/93
f 124/124/94 123/123/94 127/126/94 128/128/94
f 123/123/95 122/122/95 126/127/95 127/126/95
f 122/122/96 121/121/96 125/125/96 126/127/96
o path125881
v 0.000119 -0.013904 -0.000000
v 0.000306 -0.013717 -0.000000
v 0.000493 -0.013904 -0.000000
v 0.000306 -0.014091 -0.000000
v 0.000119 -0.013904 -0.002985
v 0.000306 -0.013717 -0.002985
v 0.000493 -0.013904 -0.002985
v 0.000306 -0.014091 -0.002985
vt 0.000000 0.000000
vt 0.333333 0.000000
vt 0.666667 0.000000
vt 1.000000 0.000000
vt 0.000000 0.000000
vt 0.666667 0.000000
vt 0.333333 0.000000
vt 1.000000 0.000000
vn -0.0000 0.0000 -1.0000
vn 0.0000 0.0000 1.0000
vn -0.7070 0.7072 0.0000
vn -0.7070 -0.7072 0.0000
vn 0.7070 -0.7072 0.0000
vn 0.7070 0.7072 0.0000
usemtl SVGMat.077
s off
f 129/129/97 130/130/97 131/131/97
f 129/129/97 131/131/97 132/132/97
f 133/133/98 135/134/98 134/135/98
f 133/133/98 136/136/98 135/134/98
f 132/132/99 131/131/99 135/134/99 136/136/99
f 131/131/100 130/130/100 134/135/100 135/134/100
f 130/130/101 129/129/101 133/133/101 134/135/101
f 129/129/102 132/132/102 136/136/102 133/133/102
o path125879
v -0.000068 -0.014091 -0.000000
v 0.000119 -0.013904 -0.000000
v 0.000306 -0.014091 -0.000000
v 0.000119 -0.014278 -0.000000
v -0.000068 -0.014091 -0.002985
v 0.000119 -0.013904 -0.002985
v 0.000306 -0.014091 -0.002985
v 0.000119 -0.014278 -0.002985
vt 0.000000 0.000000
vt 0.333333 0.000000
vt 0.666667 0.000000
vt 1.000000 0.000000
vt 0.000000 0.000000
vt 0.666667 0.000000
vt 0.333333 0.000000
vt 1.000000 0.000000
vn 0.0000 0.0000 -1.0000
vn 0.0000 0.0000 1.0000
vn -0.7070 0.7072 0.0000
vn -0.7070 -0.7072 0.0000
vn 0.7070 -0.7072 0.0000
vn 0.7070 0.7072 0.0000
usemtl SVGMat.078
s off
f 137/137/103 138/138/103 139/139/103
f 137/137/103 139/139/103 140/140/103
f 141/141/104 143/142/104 142/143/104
f 141/141/104 144/144/104 143/142/104
f 140/140/105 139/139/105 143/142/105 144/144/105
f 139/139/106 138/138/106 142/143/106 143/142/106
f 138/138/107 137/137/107 141/141/107 142/143/107
f 137/137/108 140/140/108 144/144/108 141/141/108
o path125757
v 0.002925 -0.010724 -0.000000
v 0.003112 -0.010537 -0.000000
v 0.003299 -0.010724 -0.000000
v 0.003112 -0.010911 -0.000000
v 0.002925 -0.010724 -0.002985
v 0.003112 -0.010537 -0.002985
v 0.003299 -0.010724 -0.002985
v 0.003112 -0.010911 -0.002985
vt 0.000000 0.000000
vt 0.333333 0.000000
vt 0.666667 0.000000
vt 1.000000 0.000000
vt 0.000000 0.000000
vt 0.666667 0.000000
vt 0.333333 0.000000
vt 1.000000 0.000000
vn 0.0000 0.0000 -1.0000
vn -0.0000 0.0000 1.0000
vn -0.7070 0.7072 0.0000
vn -0.7070 -0.7072 0.0000
vn 0.7070 -0.7072 0.0000
vn 0.7070 0.7072 0.0000
usemtl SVGMat.139
s off
f 145/145/109 146/146/109 147/147/109
f 148/148/109 145/145/109 147/147/109
f 149/149/110 151/150/110 150/151/110
f 152/152/110 151/150/110 149/149/110
f 148/148/111 147/147/111 151/150/111 152/152/111
f 147/147/112 146/146/112 150/151/112 151/150/112
f 146/146/113 145/145/113 149/149/113 150/151/113
f 145/145/114 148/148/114 152/152/114 149/149/114
o path125755
v 0.002738 -0.010911 -0.000000
v 0.002925 -0.010724 -0.000000
v 0.003112 -0.010911 -0.000000
v 0.002925 -0.011098 -0.000000
v 0.002738 -0.010911 -0.002985
v 0.002925 -0.010724 -0.002985
v 0.003112 -0.010911 -0.002985
v 0.002925 -0.011098 -0.002985
vt 0.000000 0.000000
vt 0.333333 0.000000
vt 0.666667 0.000000
vt 1.000000 0.000000
vt 0.000000 0.000000
vt 0.666667 0.000000
vt 0.333333 0.000000
vt 1.000000 0.000000
vn 0.0000 0.0000 -1.0000
vn 0.0000 0.0000 1.0000
vn -0.7070 -0.7072 0.0000
vn 0.7070 -0.7072 0.0000
vn 0.7070 0.7072 0.0000
vn -0.7070 0.7072 0.0000
usemtl SVGMat.140
s off
f 153/153/115 154/154/115 155/155/115
f 156/156/115 153/153/115 155/155/115
f 157/157/116 159/158/116 158/159/116
f 160/160/116 159/158/116 157/157/116
f 155/155/117 154/154/117 158/159/117 159/158/117
f 154/154/118 153/153/118 157/157/118 158/159/118
f 153/153/119 156/156/119 160/160/119 157/157/119
f 156/156/120 155/155/120 159/158/120 160/160/120
o path125753
v 0.002551 -0.011098 -0.000000
v 0.002738 -0.010911 -0.000000
v 0.002925 -0.011098 -0.000000
v 0.002738 -0.011285 -0.000000
v 0.002551 -0.011098 -0.002985
v 0.002738 -0.010911 -0.002985
v 0.002925 -0.011098 -0.002985
v 0.002738 -0.011285 -0.002985
vt 0.000000 0.000000
vt 0.333333 0.000000
vt 0.666667 0.000000
vt 1.000000 0.000000
vt 0.000000 0.000000
vt 0.666667 0.000000
vt 0.333333 0.000000
vt 1.000000 0.000000
vn 0.0000 0.0000 -1.0000
vn -0.0000 0.0000 1.0000
vn 0.7070 0.7072 0.0000
vn -0.7070 0.7072 0.0000
vn -0.7070 -0.7072 0.0000
vn 0.7070 -0.7072 0.0000
usemtl SVGMat.141
s off
f 161/161/121 162/162/121 163/163/121
f 164/164/121 161/161/121 163/163/121
f 165/165/122 167/166/122 166/167/122
f 168/168/122 167/166/122 165/165/122
f 161/161/123 164/164/123 168/168/123 165/165/123
f 164/164/124 163/163/124 167/166/124 168/168/124
f 163/163/125 162/162/125 166/167/125 167/166/125
f 162/162/126 161/161/126 165/165/126 166/167/126
o path125751
v 0.002364 -0.011285 -0.000000
v 0.002551 -0.011098 -0.000000
v 0.002738 -0.011285 -0.000000
v 0.002551 -0.011472 -0.000000
v 0.002364 -0.011285 -0.002985
v 0.002551 -0.011098 -0.002985
v 0.002738 -0.011285 -0.002985
v 0.002551 -0.011472 -0.002985
vt 0.000000 0.000000
vt 0.333333 0.000000
vt 0.666667 0.000000
vt 1.000000 0.000000
vt 0.000000 0.000000
vt 0.666667 0.000000
vt 0.333333 0.000000
vt 1.000000 0.000000
vn 0.0000 0.0000 -1.0000
vn -0.0000 0.0000 1.0000
vn -0.7070 0.7072 0.0000
vn -0.7070 -0.7072 0.0000
vn 0.7070 -0.7072 0.0000
vn 0.7070 0.7072 0.0000
usemtl SVGMat.142
s off
f 169/169/127 170/170/127 171/171/127
f 172/172/127 169/169/127 171/171/127
f 173/173/128 175/174/128 174/175/128
f 176/176/128 175/174/128 173/173/128
f 172/172/129 171/171/129 175/174/129 176/176/129
f 171/171/130 170/170/130 174/175/130 175/174/130
f 170/170/131 169/169/131 173/173/131 174/175/131
f 169/169/132 172/172/132 176/176/132 173/173/132
o path125749
v 0.002177 -0.011472 -0.000000
v 0.002364 -0.011285 -0.000000
v 0.002551 -0.011472 -0.000000
v 0.002364 -0.011660 -0.000000
v 0.002177 -0.011472 -0.002985
v 0.002364 -0.011285 -0.002985
v 0.002551 -0.011472 -0.002985
v 0.002364 -0.011660 -0.002985
vt 0.000000 0.000000
vt 0.333333 0.000000
vt 0.666667 0.000000
vt 1.000000 0.000000
vt 0.000000 0.000000
vt 0.666667 0.000000
vt 0.333333 0.000000
vt 1.000000 0.000000
vn 0.0000 0.0000 -1.0000
vn 0.0000 0.0000 1.0000
vn 0.7070 -0.7072 0.0000
vn 0.7070 0.7072 0.0000
vn -0.7070 0.7072 0.0000
vn -0.7070 -0.7072 0.0000
usemtl SVGMat.143
s off
f 177/177/133 178/178/133 179/179/133
f 180/180/133 177/177/133 179/179/133
f 181/181/134 183/182/134 182/183/134
f 184/184/134 183/182/134 181/181/134
f 178/178/135 177/177/135 181/181/135 182/183/135
f 177/177/136 180/180/136 184/184/136 181/181/136
f 180/180/137 179/179/137 183/182/137 184/184/137
f 179/179/138 178/178/138 182/183/138 183/182/138
o path125747
v 0.001990 -0.011660 -0.000000
v 0.002177 -0.011472 -0.000000
v 0.002364 -0.011660 -0.000000
v 0.002177 -0.011847 -0.000000
v 0.001990 -0.011660 -0.002985
v 0.002177 -0.011472 -0.002985
v 0.002364 -0.011660 -0.002985
v 0.002177 -0.011847 -0.002985
vt 0.000000 0.000000
vt 0.333333 0.000000
vt 0.666667 0.000000
vt 1.000000 0.000000
vt 0.000000 0.000000
vt 0.666667 0.000000
vt 0.333333 0.000000
vt 1.000000 0.000000
vn 0.0000 0.0000 -1.0000
vn -0.0000 0.0000 1.0000
vn 0.7070 0.7072 0.0000
vn -0.7070 0.7072 0.0000
vn -0.7070 -0.7072 0.0000
vn 0.7070 -0.7072 0.0000
usemtl SVGMat.144
s off
f 185/185/139 186/186/139 187/187/139
f 188/188/139 185/185/139 187/187/139
f 189/189/140 191/190/140 190/191/140
f 192/192/140 191/190/140 189/189/140
f 185/185/141 188/188/141 192/192/141 189/189/141
f 188/188/142 187/187/142 191/190/142 192/192/142
f 187/187/143 186/186/143 190/191/143 191/190/143
f 186/186/144 185/185/144 189/189/144 190/191/144
o path125745
v 0.001802 -0.011847 -0.000000
v 0.001990 -0.011660 -0.000000
v 0.002177 -0.011847 -0.000000
v 0.001990 -0.012034 -0.000000
v 0.001802 -0.011847 -0.002985
v 0.001990 -0.011660 -0.002985
v 0.002177 -0.011847 -0.002985
v 0.001990 -0.012034 -0.002985
vt 0.000000 0.000000
vt 0.333333 0.000000
vt 0.666667 0.000000
vt 1.000000 0.000000
vt 0.000000 0.000000
vt 0.666667 0.000000
vt 0.333333 0.000000
vt 1.000000 0.000000
vn 0.0000 0.0000 -1.0000
vn -0.0000 0.0000 1.0000
vn -0.7070 0.7072 0.0000
vn -0.7070 -0.7072 0.0000
vn 0.7070 -0.7072 0.0000
vn 0.7070 0.7072 0.0000
usemtl SVGMat.145
s off
f 193/193/145 194/194/145 195/195/145
f 196/196/145 193/193/145 195/195/145
f 197/197/146 199/198/146 198/199/146
f 200/200/146 199/198/146 197/197/146
f 196/196/147 195/195/147 199/198/147 200/200/147
f 195/195/148 194/194/148 198/199/148 199/198/148
f 194/194/149 193/193/149 197/197/149 198/199/149
f 193/193/150 196/196/150 200/200/150 197/197/150
o path125743
v 0.001615 -0.012034 -0.000000
v 0.001802 -0.011847 -0.000000
v 0.001990 -0.012034 -0.000000
v 0.001802 -0.012221 -0.000000
v 0.001615 -0.012034 -0.002985
v 0.001802 -0.011847 -0.002985
v 0.001990 -0.012034 -0.002985
v 0.001802 -0.012221 -0.002985
vt 0.000000 0.000000
vt 0.333333 0.000000
vt 0.666667 0.000000
vt 1.000000 0.000000
vt 0.000000 0.000000
vt 0.666667 0.000000
vt 0.333333 0.000000
vt 1.000000 0.000000
vn 0.0000 0.0000 -1.0000
vn 0.0000 0.0000 1.0000
vn 0.7070 0.7072 0.0000
vn -0.7070 0.7072 0.0000
vn -0.7070 -0.7072 0.0000
vn 0.7070 -0.7072 0.0000
usemtl SVGMat.146
s off
f 201/201/151 202/202/151 203/203/151
f 204/204/151 201/201/151 203/203/151
f 205/205/152 207/206/152 206/207/152
f 208/208/152 207/206/152 205/205/152
f 201/201/153 204/204/153 208/208/153 205/205/153
f 204/204/154 203/203/154 207/206/154 208/208/154
f 203/203/155 202/202/155 206/207/155 207/206/155
f 202/202/156 201/201/156 205/205/156 206/207/156
o path125741
v 0.001428 -0.012221 -0.000000
v 0.001615 -0.012034 -0.000000
v 0.001802 -0.012221 -0.000000
v 0.001615 -0.012408 -0.000000
v 0.001428 -0.012221 -0.002985
v 0.001615 -0.012034 -0.002985
v 0.001802 -0.012221 -0.002985
v 0.001615 -0.012408 -0.002985
vt 0.000000 0.000000
vt 0.333333 0.000000
vt 0.666667 0.000000
vt 1.000000 0.000000
vt 0.000000 0.000000
vt 0.666667 0.000000
vt 0.333333 0.000000
vt 1.000000 0.000000
vn 0.0000 0.0000 -1.0000
vn -0.0000 0.0000 1.0000
vn 0.7070 0.7072 0.0000
vn -0.7070 0.7072 0.0000
vn -0.7070 -0.7072 0.0000
vn 0.7070 -0.7072 0.0000
usemtl SVGMat.147
s off
f 209/209/157 210/210/157 211/211/157
f 212/212/157 209/209/157 211/211/157
f 213/213/158 215/214/158 214/215/158
f 216/216/158 215/214/158 213/213/158
f 209/209/159 212/212/159 216/216/159 213/213/159
f 212/212/160 211/211/160 215/214/160 216/216/160
f 211/211/161 210/210/161 214/215/161 215/214/161
f 210/210/162 209/209/162 213/213/162 214/215/162
o path125739
v 0.001241 -0.012408 -0.000000
v 0.001428 -0.012221 -0.000000
v 0.001615 -0.012408 -0.000000
v 0.001428 -0.012595 -0.000000
v 0.001241 -0.012408 -0.002985
v 0.001428 -0.012221 -0.002985
v 0.001615 -0.012408 -0.002985
v 0.001428 -0.012595 -0.002985
vt 0.000000 0.000000
vt 0.333333 0.000000
vt 0.666667 0.000000
vt 1.000000 0.000000
vt 0.000000 0.000000
vt 0.666667 0.000000
vt 0.333333 0.000000
vt 1.000000 0.000000
vn 0.0000 0.0000 -1.0000
vn 0.0000 0.0000 1.0000
vn -0.7070 0.7072 0.0000
vn -0.7070 -0.7072 0.0000
vn 0.7070 -0.7072 0.0000
vn 0.7070 0.7072 0.0000
usemtl SVGMat.148
s off
f 217/217/163 218/218/163 219/219/163
f 220/220/163 217/217/163 219/219/163
f 221/221/164 223/222/164 222/223/164
f 224/224/164 223/222/164 221/221/164
f 220/220/165 219/219/165 223/222/165 224/224/165
f 219/219/166 218/218/166 222/223/166 223/222/166
f 218/218/167 217/217/167 221/221/167 222/223/167
f 217/217/168 220/220/168 224/224/168 221/221/168
o path125737
v 0.001054 -0.012595 -0.000000
v 0.001241 -0.012408 -0.000000
v 0.001428 -0.012595 -0.000000
v 0.001241 -0.012782 -0.000000
v 0.001054 -0.012595 -0.002985
v 0.001241 -0.012408 -0.002985
v 0.001428 -0.012595 -0.002985
v 0.001241 -0.012782 -0.002985
vt 0.000000 0.000000
vt 0.333333 0.000000
vt 0.666667 0.000000
vt 1.000000 0.000000
vt 0.000000 0.000000
vt 0.666667 0.000000
vt 0.333333 0.000000
vt 1.000000 0.000000
vn -0.0000 0.0000 -1.0000
vn -0.0000 0.0000 1.0000
vn 0.7070 -0.7072 0.0000
vn 0.7070 0.7072 0.0000
vn -0.7070 0.7072 0.0000
vn -0.7070 -0.7072 0.0000
usemtl SVGMat.149
s off
f 225/225/169 226/226/169 227/227/169
f 228/228/169 225/225/169 227/227/169
f 229/229/170 231/230/170 230/231/170
f 232/232/170 231/230/170 229/229/170
f 226/226/171 225/225/171 229/229/171 230/231/171
f 225/225/172 228/228/172 232/232/172 229/229/172
f 228/228/173 227/227/173 231/230/173 232/232/173
f 227/227/174 226/226/174 230/231/174 231/230/174
o path125735
v 0.000867 -0.012782 -0.000000
v 0.001054 -0.012595 -0.000000
v 0.001241 -0.012782 -0.000000
v 0.001054 -0.012969 -0.000000
v 0.000867 -0.012782 -0.002985
v 0.001054 -0.012595 -0.002985
v 0.001241 -0.012782 -0.002985
v 0.001054 -0.012969 -0.002985
vt 0.000000 0.000000
vt 0.333333 0.000000
vt 0.666667 0.000000
vt 1.000000 0.000000
vt 0.000000 0.000000
vt 0.666667 0.000000
vt 0.333333 0.000000
vt 1.000000 0.000000
vn 0.0000 0.0000 -1.0000
vn -0.0000 0.0000 1.0000
vn -0.7070 0.7072 0.0000
vn -0.7070 -0.7072 0.0000
vn 0.7070 -0.7072 0.0000
vn 0.7070 0.7072 0.0000
usemtl SVGMat.150
s off
f 233/233/175 234/234/175 235/235/175
f 236/236/175 233/233/175 235/235/175
f 237/237/176 239/238/176 238/239/176
f 240/240/176 239/238/176 237/237/176
f 236/236/177 235/235/177 239/238/177 240/240/177
f 235/235/178 234/234/178 238/239/178 239/238/178
f 234/234/179 233/233/179 237/237/179 238/239/179
f 233/233/180 236/236/180 240/240/180 237/237/180
o path125733
v 0.000680 -0.012969 -0.000000
v 0.000867 -0.012782 -0.000000
v 0.001054 -0.012969 -0.000000
v 0.000867 -0.013156 -0.000000
v 0.000680 -0.012969 -0.002985
v 0.000867 -0.012782 -0.002985
v 0.001054 -0.012969 -0.002985
v 0.000867 -0.013156 -0.002985
vt 0.000000 0.000000
vt 0.333333 0.000000
vt 0.666667 0.000000
vt 1.000000 0.000000
vt 0.000000 0.000000
vt 0.666667 0.000000
vt 0.333333 0.000000
vt 1.000000 0.000000
vn 0.0000 0.0000 -1.0000
vn 0.0000 0.0000 1.0000
vn 0.7070 -0.7072 0.0000
vn 0.7070 0.7072 0.0000
vn -0.7070 0.7072 0.0000
vn -0.7070 -0.7072 0.0000
usemtl SVGMat.151
s off
f 241/241/181 242/242/181 243/243/181
f 244/244/181 241/241/181 243/243/181
f 245/245/182 247/246/182 246/247/182
f 248/248/182 247/246/182 245/245/182
f 242/242/183 241/241/183 245/245/183 246/247/183
f 241/241/184 244/244/184 248/248/184 245/245/184
f 244/244/185 243/243/185 247/246/185 248/248/185
f 243/243/186 242/242/186 246/247/186 247/246/186
o path125731
v 0.000493 -0.013156 -0.000000
v 0.000680 -0.012969 -0.000000
v 0.000867 -0.013156 -0.000000
v 0.000680 -0.013343 -0.000000
v 0.000493 -0.013156 -0.002985
v 0.000680 -0.012969 -0.002985
v 0.000867 -0.013156 -0.002985
v 0.000680 -0.013343 -0.002985
vt 0.000000 0.000000
vt 0.333333 0.000000
vt 0.666667 0.000000
vt 1.000000 0.000000
vt 0.000000 0.000000
vt 0.666667 0.000000
vt 0.333333 0.000000
vt 1.000000 0.000000
vn -0.0000 0.0000 -1.0000
vn -0.0000 0.0000 1.0000
vn 0.7070 0.7072 0.0000
vn -0.7070 0.7072 0.0000
vn -0.7070 -0.7072 0.0000
vn 0.7070 -0.7072 0.0000
usemtl SVGMat.152
s off
f 249/249/187 250/250/187 251/251/187
f 252/252/187 249/249/187 251/251/187
f 253/253/188 255/254/188 254/255/188
f 256/256/188 255/254/188 253/253/188
f 249/249/189 252/252/189 256/256/189 253/253/189
f 252/252/190 251/251/190 255/254/190 256/256/190
f 251/251/191 250/250/191 254/255/191 255/254/191
f 250/250/192 249/249/192 253/253/192 254/255/192
o path125729
v 0.000306 -0.013343 -0.000000
v 0.000493 -0.013156 -0.000000
v 0.000680 -0.013343 -0.000000
v 0.000493 -0.013530 -0.000000
v 0.000306 -0.013343 -0.002985
v 0.000493 -0.013156 -0.002985
v 0.000680 -0.013343 -0.002985
v 0.000493 -0.013530 -0.002985
vt 0.000000 0.000000
vt 0.333333 0.000000
vt 0.666667 0.000000
vt 1.000000 0.000000
vt 0.000000 0.000000
vt 0.666667 0.000000
vt 0.333333 0.000000
vt 1.000000 0.000000
vn 0.0000 0.0000 -1.0000
vn 0.0000 -0.0000 1.0000
vn -0.7070 0.7072 0.0000
vn -0.7070 -0.7072 0.0000
vn 0.7070 -0.7072 0.0000
vn 0.7070 0.7072 0.0000
usemtl SVGMat.153
s off
f 257/257/193 258/258/193 259/259/193
f 260/260/193 257/257/193 259/259/193
f 261/261/194 263/262/194 262/263/194
f 264/264/194 263/262/194 261/261/194
f 260/260/195 259/259/195 263/262/195 264/264/195
f 259/259/196 258/258/196 262/263/196 263/262/196
f 258/258/197 257/257/197 261/261/197 262/263/197
f 257/257/198 260/260/198 264/264/198 261/261/198
o path125727
v 0.000119 -0.013530 -0.000000
v 0.000306 -0.013343 -0.000000
v 0.000493 -0.013530 -0.000000
v 0.000306 -0.013717 -0.000000
v 0.000119 -0.013530 -0.002985
v 0.000306 -0.013343 -0.002985
v 0.000493 -0.013530 -0.002985
v 0.000306 -0.013717 -0.002985
vt 0.000000 0.000000
vt 0.333333 0.000000
vt 0.666667 0.000000
vt 1.000000 0.000000
vt 0.000000 0.000000
vt 0.666667 0.000000
vt 0.333333 0.000000
vt 1.000000 0.000000
vn 0.0000 0.0000 -1.0000
vn 0.0000 0.0000 1.0000
vn -0.7070 0.7072 0.0000
vn -0.7070 -0.7072 0.0000
vn 0.7070 -0.7072 0.0000
vn 0.7070 0.7072 0.0000
usemtl SVGMat.154
s off
f 265/265/199 266/266/199 267/267/199
f 268/268/199 265/265/199 267/267/199
f 269/269/200 271/270/200 270/271/200
f 272/272/200 271/270/200 269/269/200
f 268/268/201 267/267/201 271/270/201 272/272/201
f 267/267/202 266/266/202 270/271/202 271/270/202
f 266/266/203 265/265/203 269/269/203 270/271/203
f 265/265/204 268/268/204 272/272/204 269/269/204
o path125725
v -0.000068 -0.013717 -0.000000
v 0.000119 -0.013530 -0.000000
v 0.000306 -0.013717 -0.000000
v 0.000119 -0.013904 -0.000000
v -0.000068 -0.013717 -0.002985
v 0.000119 -0.013530 -0.002985
v 0.000306 -0.013717 -0.002985
v 0.000119 -0.013904 -0.002985
vt 0.000000 0.000000
vt 0.333333 0.000000
vt 0.666667 0.000000
vt 1.000000 0.000000
vt 0.000000 0.000000
vt 0.666667 0.000000
vt 0.333333 0.000000
vt 1.000000 0.000000
vn 0.0000 0.0000 -1.0000
vn 0.0000 0.0000 1.0000
vn -0.7070 0.7072 0.0000
vn -0.7070 -0.7072 0.0000
vn 0.7070 -0.7072 0.0000
vn 0.7070 0.7072 0.0000
usemtl SVGMat.155
s off
f 273/273/205 274/274/205 275/275/205
f 276/276/205 273/273/205 275/275/205
f 277/277/206 279/278/206 278/279/206
f 280/280/206 279/278/206 277/277/206
f 276/276/207 275/275/207 279/278/207 280/280/207
f 275/275/208 274/274/208 278/279/208 279/278/208
f 274/274/209 273/273/209 277/277/209 278/279/209
f 273/273/210 276/276/210 280/280/210 277/277/210
o path125723
v -0.000256 -0.013904 -0.000000
v -0.000068 -0.013717 -0.000000
v 0.000119 -0.013904 -0.000000
v -0.000068 -0.014091 -0.000000
v -0.000256 -0.013904 -0.002985
v -0.000068 -0.013717 -0.002985
v 0.000119 -0.013904 -0.002985
v -0.000068 -0.014091 -0.002985
vt 0.000000 0.000000
vt 0.333333 0.000000
vt 0.666667 0.000000
vt 1.000000 0.000000
vt 0.000000 0.000000
vt 0.666667 0.000000
vt 0.333333 0.000000
vt 1.000000 0.000000
vn 0.0000 0.0000 -1.0000
vn 0.0000 0.0000 1.0000
vn 0.7070 0.7072 0.0000
vn -0.7070 0.7072 0.0000
vn -0.7070 -0.7072 0.0000
vn 0.7070 -0.7072 0.0000
usemtl SVGMat.156
s off
f 281/281/211 282/282/211 283/283/211
f 284/284/211 281/281/211 283/283/211
f 285/285/212 287/286/212 286/287/212
f 288/288/212 287/286/212 285/285/212
f 281/281/213 284/284/213 288/288/213 285/285/213
f 284/284/214 283/283/214 287/286/214 288/288/214
f 283/283/215 282/282/215 286/287/215 287/286/215
f 282/282/216 281/281/216 285/285/216 286/287/216
o path125601
v 0.002738 -0.010537 -0.000000
v 0.002925 -0.010350 -0.000000
v 0.003112 -0.010537 -0.000000
v 0.002925 -0.010724 -0.000000
v 0.002738 -0.010537 -0.002985
v 0.002925 -0.010350 -0.002985
v 0.003112 -0.010537 -0.002985
v 0.002925 -0.010724 -0.002985
vt 0.000000 0.000000
vt 0.333333 0.000000
vt 0.666667 0.000000
vt 1.000000 0.000000
vt 0.000000 0.000000
vt 0.666667 0.000000
vt 0.333333 0.000000
vt 1.000000 0.000000
vn 0.0000 0.0000 -1.0000
vn -0.0000 0.0000 1.0000
vn -0.7070 0.7072 0.0000
vn -0.7070 -0.7072 0.0000
vn 0.7070 -0.7072 0.0000
vn 0.7070 0.7072 0.0000
usemtl SVGMat.217
s off
f 289/289/217 290/290/217 291/291/217
f 292/292/217 289/289/217 291/291/217
f 293/293/218 295/294/218 294/295/218
f 296/296/218 295/294/218 293/293/218
f 292/292/219 291/291/219 295/294/219 296/296/219
f 291/291/220 290/290/220 294/295/220 295/294/220
f 290/290/221 289/289/221 293/293/221 294/295/221
f 289/289/222 292/292/222 296/296/222 293/293/222
o path125599
v 0.002551 -0.010724 -0.000000
v 0.002738 -0.010537 -0.000000
v 0.002925 -0.010724 -0.000000
v 0.002738 -0.010911 -0.000000
v 0.002551 -0.010724 -0.002985
v 0.002738 -0.010537 -0.002985
v 0.002925 -0.010724 -0.002985
v 0.002738 -0.010911 -0.002985
vt 0.000000 0.000000
vt 0.333333 0.000000
vt 0.666667 0.000000
vt 1.000000 0.000000
vt 0.000000 0.000000
vt 0.666667 0.000000
vt 0.333333 0.000000
vt 1.000000 0.000000
vn 0.0000 0.0000 -1.0000
vn 0.0000 0.0000 1.0000
vn -0.7070 -0.7072 0.0000
vn 0.7070 -0.7072 0.0000
vn 0.7070 0.7072 0.0000
vn -0.7070 0.7072 0.0000
usemtl SVGMat.218
s off
f 297/297/223 298/298/223 299/299/223
f 300/300/223 297/297/223 299/299/223
f 301/301/224 303/302/224 302/303/224
f 304/304/224 303/302/224 301/301/224
f 299/299/225 298/298/225 302/303/225 303/302/225
f 298/298/226 297/297/226 301/301/226 302/303/226
f 297/297/227 300/300/227 304/304/227 301/301/227
f 300/300/228 299/299/228 303/302/228 304/304/228
o path125597
v 0.002364 -0.010911 -0.000000
v 0.002551 -0.010724 -0.000000
v 0.002738 -0.010911 -0.000000
v 0.002551 -0.011098 -0.000000
v 0.002364 -0.010911 -0.002985
v 0.002551 -0.010724 -0.002985
v 0.002738 -0.010911 -0.002985
v 0.002551 -0.011098 -0.002985
vt 0.000000 0.000000
vt 0.333333 0.000000
vt 0.666667 0.000000
vt 1.000000 0.000000
vt 0.000000 0.000000
vt 0.666667 0.000000
vt 0.333333 0.000000
vt 1.000000 0.000000
vn -0.0000 0.0000 -1.0000
vn -0.0000 0.0000 1.0000
vn -0.7070 0.7072 0.0000
vn -0.7070 -0.7072 0.0000
vn 0.7070 -0.7072 0.0000
vn 0.7070 0.7072 0.0000
usemtl SVGMat.219
s off
f 305/305/229 306/306/229 307/307/229
f 308/308/229 305/305/229 307/307/229
f 309/309/230 311/310/230 310/311/230
f 312/312/230 311/310/230 309/309/230
f 308/308/231 307/307/231 311/310/231 312/312/231
f 307/307/232 306/306/232 310/311/232 311/310/232
f 306/306/233 305/305/233 309/309/233 310/311/233
f 305/305/234 308/308/234 312/312/234 309/309/234
o path125595
v 0.002177 -0.011098 -0.000000
v 0.002364 -0.010911 -0.000000
v 0.002551 -0.011098 -0.000000
v 0.002364 -0.011285 -0.000000
v 0.002177 -0.011098 -0.002985
v 0.002364 -0.010911 -0.002985
v 0.002551 -0.011098 -0.002985
v 0.002364 -0.011285 -0.002985
vt 0.000000 0.000000
vt 0.333333 0.000000
vt 0.666667 0.000000
vt 1.000000 0.000000
vt 0.000000 0.000000
vt 0.666667 0.000000
vt 0.333333 0.000000
vt 1.000000 0.000000
vn 0.0000 0.0000 -1.0000
vn -0.0000 0.0000 1.0000
vn -0.7070 0.7072 0.0000
vn -0.7070 -0.7072 0.0000
vn 0.7070 -0.7072 0.0000
vn 0.7070 0.7072 0.0000
usemtl SVGMat.220
s off
f 313/313/235 314/314/235 315/315/235
f 316/316/235 313/313/235 315/315/235
f 317/317/236 319/318/236 318/319/236
f 320/320/236 319/318/236 317/317/236
f 316/316/237 315/315/237 319/318/237 320/320/237
f 315/315/238 314/314/238 318/319/238 319/318/238
f 314/314/239 313/313/239 317/317/239 318/319/239
f 313/313/240 316/316/240 320/320/240 317/317/240
o path125593
v 0.001990 -0.011285 -0.000000
v 0.002177 -0.011098 -0.000000
v 0.002364 -0.011285 -0.000000
v 0.002177 -0.011472 -0.000000
v 0.001990 -0.011285 -0.002985
v 0.002177 -0.011098 -0.002985
v 0.002364 -0.011285 -0.002985
v 0.002177 -0.011472 -0.002985
vt 0.000000 0.000000
vt 0.333333 0.000000
vt 0.666667 0.000000
vt 1.000000 0.000000
vt 0.000000 0.000000
vt 0.666667 0.000000
vt 0.333333 0.000000
vt 1.000000 0.000000
vn 0.0000 0.0000 -1.0000
vn 0.0000 0.0000 1.0000
vn -0.7070 0.7072 0.0000
vn -0.7070 -0.7072 0.0000
vn 0.7070 -0.7072 0.0000
vn 0.7070 0.7072 0.0000
usemtl SVGMat.221
s off
f 321/321/241 322/322/241 323/323/241
f 324/324/241 321/321/241 323/323/241
f 325/325/242 327/326/242 326/327/242
f 328/328/242 327/326/242 325/325/242
f 324/324/243 323/323/243 327/326/243 328/328/243
f 323/323/244 322/322/244 326/327/244 327/326/244
f 322/322/245 321/321/245 325/325/245 326/327/245
f 321/321/246 324/324/246 328/328/246 325/325/246
o path125591
v 0.001802 -0.011472 -0.000000
v 0.001990 -0.011285 -0.000000
v 0.002177 -0.011472 -0.000000
v 0.001990 -0.011660 -0.000000
v 0.001802 -0.011472 -0.002985
v 0.001990 -0.011285 -0.002985
v 0.002177 -0.011472 -0.002985
v 0.001990 -0.011660 -0.002985
vt 0.000000 0.000000
vt 0.333333 0.000000
vt 0.666667 0.000000
vt 1.000000 0.000000
vt 0.000000 0.000000
vt 0.666667 0.000000
vt 0.333333 0.000000
vt 1.000000 0.000000
vn -0.0000 0.0000 -1.0000
vn -0.0000 0.0000 1.0000
vn 0.7070 0.7072 0.0000
vn -0.7070 0.7072 0.0000
vn -0.7070 -0.7072 0.0000
vn 0.7070 -0.7072 0.0000
usemtl SVGMat.222
s off
f 329/329/247 330/330/247 331/331/247
f 332/332/247 329/329/247 331/331/247
f 333/333/248 335/334/248 334/335/248
f 336/336/248 335/334/248 333/333/248
f 329/329/249 332/332/249 336/336/249 333/333/249
f 332/332/250 331/331/250 335/334/250 336/336/250
f 331/331/251 330/330/251 334/335/251 335/334/251
f 330/330/252 329/329/252 333/333/252 334/335/252
o path125589
v 0.001615 -0.011660 -0.000000
v 0.001802 -0.011472 -0.000000
v 0.001990 -0.011660 -0.000000
v 0.001802 -0.011847 -0.000000
v 0.001615 -0.011660 -0.002985
v 0.001802 -0.011472 -0.002985
v 0.001990 -0.011660 -0.002985
v 0.001802 -0.011847 -0.002985
vt 0.000000 0.000000
vt 0.333333 0.000000
vt 0.666667 0.000000
vt 1.000000 0.000000
vt 0.000000 0.000000
vt 0.666667 0.000000
vt 0.333333 0.000000
vt 1.000000 0.000000
vn 0.0000 0.0000 -1.0000
vn -0.0000 0.0000 1.0000
vn 0.7070 0.7072 0.0000
vn -0.7070 0.7072 0.0000
vn -0.7070 -0.7072 0.0000
vn 0.7070 -0.7072 0.0000
usemtl SVGMat.223
s off
f 337/337/253 338/338/253 339/339/253
f 340/340/253 337/337/253 339/339/253
f 341/341/254 343/342/254 342/343/254
f 344/344/254 343/342/254 341/341/254
f 337/337/255 340/340/255 344/344/255 341/341/255
f 340/340/256 339/339/256 343/342/256 344/344/256
f 339/339/257 338/338/257 342/343/257 343/342/257
f 338/338/258 337/337/258 341/341/258 342/343/258
o path125587
v 0.001428 -0.011847 -0.000000
v 0.001615 -0.011660 -0.000000
